%YAML:1.0
R: !!opencv-matrix
   rows: 3
   cols: 3
   dt: d
   data: [ 9.9992384880407870e-01, 9.2011256890512912e-04,
       1.2306501765266320e-02, -8.9492591740858668e-04,
       9.9999749427302731e-01, -2.0519637591732854e-03,
       -1.2308358966178660e-02, 2.0407940922966645e-03,
       9.9992216670050504e-01 ]
T: !!opencv-matrix
   rows: 3
   cols: 1
   dt: d
   data: [ -3.7735641604078540e+00, 1.8238489769401517e-01,
       1.3691374924474661e-01 ]
R1: !!opencv-matrix
   rows: 3
   cols: 3
   dt: d
   data: [ 9.9859170461794755e-01, -4.7399592088631523e-02,
       -2.3830361685316041e-02, 4.7378538127925043e-02,
       9.9887595749610147e-01, -1.4476398403384023e-03,
       2.3872192883821766e-02, 3.1655343612639174e-04,
       9.9971496847893582e-01 ]
R2: !!opencv-matrix
   rows: 3
   cols: 3
   dt: d
   data: [ 9.9817877931681553e-01, -4.8244239877019576e-02,
       -3.6216264858218980e-02, 4.8276193136603099e-02,
       9.9883402480846173e-01, 7.8209326688388238e-06,
       3.6173660276912371e-02, -1.7561900860062476e-03,
       9.9934397586544366e-01 ]
P1: !!opencv-matrix
   rows: 3
   cols: 4
   dt: d
   data: [ 6.8808504007215163e+02, 0., 3.4710713958740234e+02, 0., 0.,
       6.8808504007215163e+02, 2.3950734519958496e+02, 0., 0., 0., 1.,
       0. ]
P2: !!opencv-matrix
   rows: 3
   cols: 4
   dt: d
   data: [ 6.8808504007215163e+02, 0., 3.4710713958740234e+02,
       -2.6012705342285690e+03, 0., 6.8808504007215163e+02,
       2.3950734519958496e+02, 0., 0., 0., 1., 0. ]
Q: !!opencv-matrix
   rows: 4
   cols: 4
   dt: d
   data: [ 1., 0., 0., -3.4710713958740234e+02, 0., 1., 0.,
       -2.3950734519958496e+02, 0., 0., 0., 6.8808504007215163e+02, 0.,
       0., 2.6451883070909027e-01, 0. ]
