%YAML:1.0
R: !!opencv-matrix
   rows: 3
   cols: 3
   dt: d
   data: [ 9.9998009456238979e-01, 1.8939374514108948e-03,
       6.0185945140090943e-03, -1.8245373005728780e-03,
       9.9993202868355058e-01, -1.1515601436218166e-02,
       -6.0399952510523883e-03, 1.1504391062944395e-02,
       9.9991558015846416e-01 ]
T: !!opencv-matrix
   rows: 3
   cols: 1
   dt: d
   data: [ -3.7422507419290638e+00, -2.7385763413300529e-01,
       3.5632309915227173e-02 ]
R1: !!opencv-matrix
   rows: 3
   cols: 3
   dt: d
   data: [ 9.9719243595263696e-01, 7.4756066291381568e-02,
       -4.3331549112259537e-03, -7.4780213622577224e-02,
       9.9718370534017786e-01, -5.7076663002402720e-03,
       3.8942687898794342e-03, 6.0156759114625633e-03,
       9.9997432282730148e-01 ]
R2: !!opencv-matrix
   rows: 3
   cols: 3
   dt: d
   data: [ 9.9728809021211007e-01, 7.2981469112818151e-02,
       -9.4958036635688949e-03, -7.2924473653303193e-02,
       9.9731809195032772e-01, 6.2164789830222392e-03,
       9.9240245601753749e-03, -5.5071439687411029e-03,
       9.9993559047662484e-01 ]
P1: !!opencv-matrix
   rows: 3
   cols: 4
   dt: d
   data: [ 5.8574233877500671e+02, 0., 3.2322190856933594e+02, 0., 0.,
       5.8574233877500671e+02, 2.3949929237365723e+02, 0., 0., 0., 1.,
       0. ]
P2: !!opencv-matrix
   rows: 3
   cols: 4
   dt: d
   data: [ 5.8574233877500671e+02, 0., 3.2322190856933594e+02,
       -2.1979553585101230e+03, 0., 5.8574233877500671e+02,
       2.3949929237365723e+02, 0., 0., 0., 1., 0. ]
Q: !!opencv-matrix
   rows: 4
   cols: 4
   dt: d
   data: [ 1., 0., 0., -3.2322190856933594e+02, 0., 1., 0.,
       -2.3949929237365723e+02, 0., 0., 0., 5.8574233877500671e+02, 0.,
       0., 2.6649419266278929e-01, 0. ]
