%YAML:1.0
M1: !!opencv-matrix
   rows: 3
   cols: 3
   dt: d
   data: [ 6.4536742491717825e+02, 0., 3.1433822133952560e+02, 0.,
       6.4578973339241577e+02, 2.3447484424292389e+02, 0., 0., 1. ]
D1: !!opencv-matrix
   rows: 1
   cols: 14
   dt: d
   data: [ 8.7540394160123700e-02, -9.0096593401515601e-02, 0., 0., 0.,
       0., 0., -4.4935405646263971e-01, 0., 0., 0., 0., 0., 0. ]
M2: !!opencv-matrix
   rows: 3
   cols: 3
   dt: d
   data: [ 6.4536742491717825e+02, 0., 3.2035892688548910e+02, 0.,
       6.4578973339241577e+02, 2.4411249856168931e+02, 0., 0., 1. ]
D2: !!opencv-matrix
   rows: 1
   cols: 14
   dt: d
   data: [ 7.7451990186909195e-02, -9.0677638810897618e-02, 0., 0., 0.,
       0., 0., 3.3971220076690789e-01, 0., 0., 0., 0., 0., 0. ]
