%YAML:1.0
M1: !!opencv-matrix
   rows: 3
   cols: 3
   dt: d
   data: [ 7.3893410737244164e+02, 0., 3.1933281393870902e+02, 0.,
       7.3759399161360909e+02, 2.3920992753527267e+02, 0., 0., 1. ]
D1: !!opencv-matrix
   rows: 1
   cols: 14
   dt: d
   data: [ 1.1096875744844213e-01, -3.6523538145142392e-01, 0., 0., 0.,
       0., 0., -7.8212251111830899e-01, 0., 0., 0., 0., 0., 0. ]
M2: !!opencv-matrix
   rows: 3
   cols: 3
   dt: d
   data: [ 7.3893410737244164e+02, 0., 3.2223204400934077e+02, 0.,
       7.3759399161360909e+02, 2.3835344584013313e+02, 0., 0., 1. ]
D2: !!opencv-matrix
   rows: 1
   cols: 14
   dt: d
   data: [ 1.0827183613246361e-01, -1.3125276830911836e-01, 0., 0., 0.,
       0., 0., 6.6970330244895171e-01, 0., 0., 0., 0., 0., 0. ]
